1 1
1 11982
1 15853
1 3328
1 13373
1 17788
1 3370
1 5459
2 7216
2 3088
2 1543
2 7170
2 11503
2 6678
2 9199
2 4282
2 1
2 13469
2 2323
2 5045
2 6555
2 15279
2 4124
2 8803
2 14213
2 15250
2 2375
3 6299
3 10219
3 7951
3 1
3 3012
3 14658
3 8777
3 14243
3 1115
3 501
3 2951
3 10838
3 11361
3 14700
3 9255
3 4156
3 6446
3 3662
3 9842
3 14213
3 15076
3 15361
3 9251
4 1691
4 6245
4 10593
4 1
4 6274
5 13465
5 272
5 2569
5 4712
5 9939
5 1
5 5822
5 6457
5 12580
6 9251
6 6571
6 13944
6 6586
6 6587
6 61
6 9507
6 13125
6 15692
6 6573
6 7402
6 12004
6 15210
6 758
6 4427
6 11049
6 8886
6 555
6 1494
6 14175
6 2656
6 2658
6 6240
6 11955
6 16793
6 16143
6 1203
6 5399
6 1
6 5218
6 8803
6 16235
6 2119
6 7103
6 7107
6 16601
6 2702
6 2876
6 9859
6 10453
6 249
6 15291
6 7720
6 10702
6 13467
6 4520
6 5721
6 506
6 6434
6 11774
6 1039
6 16981
6 16982
6 5197
6 6696
6 6579
6 1726
6 14656
6 12694
6 6583
6 13522
6 15764
6 721
6 11593
6 17691
6 2370
6 15339
6 12982
6 17582
6 17596
6 7795
6 15934
6 17610
6 9736
6 518
6 14676
6 17829
6 5919
6 10489
6 13528
6 17821
6 18305
6 18260
6 18344
6 17944
6 18350
6 18351
6 1862
6 18357
6 18354
6 18355
6 18324
7 4161
7 11434
7 13551
7 1
7 11379
7 16871
8 2728
8 17673
8 2
8 78
8 15857
9 855
9 576
9 691
9 5787
9 6258
9 3829
9 2
9 10188
9 799
10 848
10 5294
10 2261
10 2654
10 17929
10 17931
10 4862
10 2
10 15031
10 15009
11 11018
11 9410
11 10886
11 10959
11 11712
11 12532
11 2
11 4806
11 17592
12 2273
12 4717
12 6622
12 14538
12 16830
12 13399
12 1784
12 2
13 4376
13 4413
13 76
13 1800
13 2691
13 4460
13 2
13 366
13 7399
13 14576
14 15122
14 2
14 4164
14 15857
14 14578
14 16502
15 3261
15 7957
15 16441
15 9551
15 14353
15 15791
15 3390
15 6194
15 14833
15 8500
15 2
15 5299
15 9223
15 10600
15 14934
15 16766
15 5238
15 11686
15 2261
15 6313
15 6435
15 10283
15 13278
15 2005
16 5473
16 3985
16 10340
16 8464
16 8579
16 10493
16 11545
16 13759
16 6285
16 6241
16 1433
16 2922
16 602
16 2
16 15009
17 6836
17 16448
17 9428
17 9425
17 5166
17 2
17 7886
17 8107
17 13413
17 6407
18 15032
18 1441
18 12235
18 16070
18 2
18 2772
18 5471
18 15857
19 2
19 16377
19 7701
19 13278
19 15009
20 3
20 15820
20 16432
20 16826
20 16829
20 2690
20 14512
21 3
21 1072
21 9119
21 10170
21 12823
21 12860
21 17027
22 7424
22 3
22 1854
22 5548
22 9398
22 16135
22 16786
23 10906
23 2534
23 14344
23 10207
23 7151
23 3119
23 4
23 16084
23 11314
23 10135
23 13934
23 14959
23 17825
23 3
23 14048
23 4020
23 15741
23 12229
24 8573
24 12126
24 5714
24 15712
24 3
24 15739
25 4284
25 749
25 2883
25 6059
25 3
26 1691
26 4070
26 1452
26 12856
26 3
26 7103
27 15048
27 15130
27 4
27 16543
27 16383
28 4
28 9160
28 11063
28 5235
28 2203
29 5796
29 740
29 10959
29 8914
29 11979
29 14109
29 2876
29 15127
29 6176
29 1462
29 1814
29 5102
29 12383
29 16407
29 3172
29 1321
29 5076
29 5091
29 17102
29 4
29 13234
29 3672
29 18104
30 367
30 9610
30 13686
30 4
30 4155
30 9681
31 6980
31 4
31 988
31 16907
31 10761
31 14471
32 1035
32 4
32 7336
32 16523
32 801
33 4
33 14956
33 14957
33 14958
33 6856
34 2759
34 17624
34 4
34 4155
34 17865
34 17879
34 17683
34 17953
34 17666
34 17870
34 18029
34 7157
34 18016
34 18122
34 18129
34 13265
34 15329
35 4
35 10149
35 10474
35 5136
35 12313
36 1503
36 6594
36 15748
36 629
36 4
36 15001
37 1399
37 1227
37 4618
37 12527
37 4
38 874
38 6964
38 4845
38 4
38 18045
39 16640
39 4
39 1839
39 3776
39 14390
40 4
40 2329
40 2640
40 9681
40 11179
41 4
41 526
41 6226
41 11593
41 14403
42 4
42 6068
42 12963
42 13325
42 13898
43 4988
43 4
43 6612
43 11879
43 7417
43 11598
43 15462
43 15463
43 4787
43 6303
43 16205
43 9725
44 4725
44 766
44 874
44 1386
44 4
44 767
45 5550
45 4
45 2943
45 8442
45 11018
45 2050
46 3000
46 8440
46 13505
46 7144
46 4
47 4
47 222
47 866
47 5550
47 9675
47 11021
47 14574
47 14666
48 4
48 730
48 2787
48 9604
48 2217
48 6734
48 74
49 12389
49 1083
49 1398
49 13697
49 5969
49 10053
49 13848
49 319
49 11021
49 9240
49 16691
49 2295
49 15170
49 11223
49 4
49 10124
49 678
49 11667
50 5949
50 11017
50 4
50 15144
50 194
50 13788
50 2009
50 11808
50 14158
50 12257
51 2804
51 7045
51 2854
51 13788
51 7469
51 4
51 737
51 2217
51 12480
51 13912
51 16168
52 1371
52 16684
52 4
52 7556
52 9846
53 408
53 14959
53 15153
53 17423
53 4
53 678
54 11355
54 11356
54 4
54 14028
54 1768
54 17914
55 4
55 444
55 4318
55 8685
55 11301
55 11321
55 12999
55 13732
55 4960
55 16990
56 11562
56 6886
56 7482
56 11160
56 8995
56 5857
56 1081
56 37
56 2261
56 6525
56 9025
56 11357
56 10743
56 14883
56 3970
56 12481
56 41
56 12111
56 13910
56 851
56 4
56 366
56 9398
56 628
56 4215
56 8812
56 10103
57 12797
57 4
57 3134
57 12936
57 14048
57 2134
57 773
57 1574
57 9788
57 16589
57 2904
57 14614
58 4
58 46
58 4336
58 6734
58 7175
58 9240
59 15230
59 4
59 1198
59 2135
59 2930
59 9240
59 1269
59 2144
59 13089
60 14834
60 13041
60 4
60 5238
60 13157
60 14819
60 13412
61 66
61 872
61 6734
61 4
61 11036
61 8339
61 12787
61 14933
62 1837
62 2816
62 4395
62 5479
62 8746
62 16669
62 4
63 1250
63 14934
63 2925
63 4627
63 12100
63 12885
63 4
63 2141
63 8359
63 9743
64 4
64 9867
64 14647
64 8702
64 8856
65 4
65 13934
65 2267
65 3555
65 14687
66 810
66 9696
66 12882
66 16383
66 140
66 874
66 10799
66 13324
66 4
66 18178
66 11741
66 13803
67 7887
67 3135
67 441
67 4
67 12890
67 13950
67 9656
68 806
68 854
68 4930
68 5556
68 10721
68 9867
68 9681
68 2072
68 6518
68 4
68 4916
68 10866
68 305
68 12651
69 5628
69 2684
69 7146
69 840
69 4
69 3864
69 11413
69 1932
69 17528
70 4
70 2401
70 2574
70 9172
70 14904
71 2910
71 10933
71 4446
71 8638
71 12518
71 4
71 9166
72 3298
72 8633
72 2993
72 100
72 2702
72 4
72 2819
72 10799
72 5629
72 12558
73 8023
73 10082
73 13697
73 13301
73 5125
73 12236
73 15514
73 4
73 12027
73 13634
73 11712
74 400
74 4
74 2947
74 6747
74 9330
74 9699
74 16920
75 3204
75 2807
75 4
75 219
75 8670
76 5613
76 9337
76 4
76 2409
76 2976
76 4948
76 6780
76 6896
76 7254
76 11311
76 12020
76 14889
77 4
77 2030
77 2792
77 7824
77 1180
77 10542
78 4
78 1590
78 5272
78 8133
78 16477
78 13848
78 4069
78 14283
78 2640
78 5800
78 9251
78 9800
78 16718
79 4
79 974
79 4586
79 9681
79 13848
80 6147
80 13935
80 389
80 6043
80 13193
80 1203
80 14511
80 3347
80 4841
80 7793
80 11135
80 13728
80 14745
80 9000
80 6345
80 13024
80 5450
80 501
80 7440
80 14759
80 7538
80 10832
80 3369
80 18186
80 4
80 11025
81 12356
81 17701
81 2278
81 8339
81 1384
81 9846
81 6634
81 16416
81 4
81 872
81 16168
81 1180
81 7552
82 4927
82 1433
82 1865
82 7482
82 4
83 1528
83 1534
83 7829
83 15225
83 1530
83 4
84 4
84 18168
84 2209
84 6068
84 11314
84 15862
85 10873
85 14626
85 4
85 13328
85 16548
85 16549
86 2926
86 423
86 4255
86 4787
86 4
87 4
87 1668
87 5814
87 10093
87 10759
87 16543
87 5822
87 16459
87 17862
87 5785
87 4526
87 15424
87 4584
87 10617
87 7367
88 5550
88 11483
88 2083
88 9760
88 14385
88 4
88 1001
88 1430
88 1666
88 9548
88 10392
88 11819
88 9089
88 12232
88 13354
89 12800
89 2375
89 4
89 10866
89 18168
90 14390
90 4
90 8339
90 8523
90 9274
91 4
91 13848
91 1462
91 15208
91 8167
91 10184
92 1374
92 11360
92 9138
92 4
92 4926
92 15965
93 5472
93 8571
93 4
93 16795
93 17899
93 4413
93 17842
94 14804
94 5957
94 9319
94 10396
94 11964
94 3102
94 4
95 2295
95 4
95 866
95 2237
95 2456
95 6068
95 8346
95 335
95 1371
95 6791
95 12164
95 14792
96 4
96 874
96 6734
96 9240
96 17423
97 4
97 10149
97 11705
97 15139
97 10184
98 4
98 1926
98 15376
98 16600
98 17396
98 17669
98 4644
98 10000
98 13450
98 10124
98 16789
99 1392
99 1600
99 1628
99 1674
99 2278
99 11712
99 13518
99 4183
99 7896
99 10838
99 4
99 4597
99 11289
99 13848
99 13939
100 6831
100 4861
100 5969
100 3891
100 1354
100 1778
100 739
100 13848
100 4
100 4836
100 2599
100 5183
100 4221
100 9582
100 8753
100 9590
100 1989
100 9819
100 12288
100 16600
100 3355
100 1432
101 899
101 4344
101 9908
101 11027
101 4
102 389
102 2471
102 2167
102 10840
102 4
103 4
103 9240
103 15332
103 1980
103 4327
103 12425
104 4
104 3768
104 5343
104 6644
104 6680
104 7284
104 12544
104 12545
104 13551
105 14530
105 313
105 15694
105 4
105 17423
106 7663
106 2768
106 7102
106 11248
106 11942
106 15287
106 4
106 9867
106 12839
106 13950
106 6672
106 12310
107 13613
107 46
107 8037
107 1178
107 8954
107 1363
107 2451
107 4862
107 15497
107 4
107 15779
108 7175
108 8038
108 8505
108 4
108 16240
108 7457
108 15213
109 4
109 6577
109 10213
109 12073
109 13041
109 4288
110 4
110 6226
110 6554
110 8293
110 10278
110 11593
111 1479
111 4
111 6921
111 4069
111 5910
111 6320
111 10142
111 11982
111 15804
111 4441
111 7896
111 16755
111 586
111 4601
111 5201
112 4
112 12612
112 2276
112 10396
112 6031
112 17709
113 1574
113 5530
113 14412
113 4155
113 3453
113 4
113 2482
113 9610
113 10557
113 12839
114 4
114 126
114 737
114 864
114 2217
114 3128
114 4630
115 4
115 9376
115 3068
115 7068
115 10224
115 16525
116 3747
116 15119
116 14279
116 4
116 8808
117 4
117 809
117 2050
117 13848
117 1259
118 7463
118 9157
118 16230
118 4
118 1761
119 12095
119 1243
119 5028
119 10359
119 4
119 93
119 5822
119 1901
119 14666
120 2355
120 4926
120 9734
120 9162
120 6981
120 4
120 1674
120 15149
120 17980
121 4
121 8339
121 9240
121 11413
121 16438
122 3795
122 4781
122 4
122 501
122 8523
123 5109
123 7814
123 11258
123 15937
123 17592
123 1178
123 15857
123 4
123 9610
123 13756
123 13586
123 4890
123 8465
123 76
123 9681
123 11063
123 9172
123 1316
123 10193
123 7659
123 17330
123 10521
123 12429
123 9901
123 15407
123 8330
123 11664
123 14530
123 16075
123 18061
124 1971
124 7101
124 10460
124 4
124 12470
124 2456
124 5828
125 4543
125 4657
125 4869
125 9567
125 11109
125 12348
125 4545
125 6830
125 11690
125 16287
125 8791
125 4
125 1239
125 4583
125 17677
126 2329
126 2456
126 16205
126 4
126 1180
126 1532
126 2161
126 4069
126 4783
126 10309
126 16355
127 286
127 9255
127 10773
127 14074
127 285
127 558
127 1048
127 3177
127 8933
127 8934
127 9736
127 10072
127 13236
127 8727
127 9663
127 4
127 86
127 17554
127 2166
127 2371
127 4524
127 5557
127 10082
127 13610
127 12164
127 4780
127 11121
127 11122
127 11124
127 17667
127 3820
128 1194
128 5811
128 10799
128 11741
128 4
128 13038
128 5822
128 2750
129 4
129 8061
129 9819
129 2813
129 7903
130 871
130 5958
130 763
130 1436
130 6285
130 6273
130 8223
130 9293
130 5396
130 7081
130 5656
130 9307
130 9101
130 4
130 3191
130 8523
130 917
130 1621
130 2238
130 6036
130 1050
130 5238
130 9656
130 3388
130 7320
130 10423
130 12681
130 13387
130 8735
130 16524
130 8353
130 8803
130 10065
130 11832
130 14213
130 16628
130 11059
130 7464
130 7951
130 12761
130 6811
130 16169
130 11387
130 17593
130 17714
130 2456
130 17035
130 997
130 9610
130 7305
130 8449
130 15862
130 18088
131 4
131 2251
131 14260
131 9230
131 17057
131 2947
131 5143
132 36
132 804
132 5
132 4958
132 1749
132 6091
132 6092
132 7103
132 7951
132 11363
132 12841
132 16383
132 249
133 5
133 3804
133 4781
133 9115
133 16031
134 6368
134 6618
134 4041
134 15857
134 3465
134 1868
134 7291
134 4130
134 7575
134 10959
134 1494
134 2120
134 3809
134 8159
134 8161
134 9736
134 10184
134 2804
134 6320
134 10951
134 13243
134 1345
134 1752
134 4320
134 18
134 7102
134 8185
134 8869
134 13593
134 15308
134 3085
134 3375
134 7207
134 11601
134 11934
134 13897
134 15076
134 5
134 249
134 5407
134 818
134 9859
134 1371
134 2237
134 5125
134 5470
134 7250
134 8646
134 13691
134 5181
134 7582
134 15075
135 7589
135 5
135 1610
135 12434
135 2223
136 14658
136 5
136 7102
136 15323
136 16047
136 17481
137 5
137 13106
137 14379
137 14556
137 4870
137 9648
137 16980
138 387
138 5
138 12046
138 16143
138 16150
138 9444
138 3304
138 3309
138 3319
138 3424
138 5455
138 9440
138 10422
139 5
139 3366
139 4433
139 8179
139 13766
140 5
140 438
140 2995
140 3220
140 15284
140 16521
141 3088
141 288
141 14970
141 5
141 2121
141 4200
141 7926
141 7951
141 8086
141 10267
141 11209
141 11982
141 12403
141 12555
141 13189
141 15460
142 5
142 4071
142 11991
142 5284
142 403
142 17320
143 387
143 2194
143 2827
143 7786
143 8549
143 11381
143 12130
143 12696
143 13189
143 13897
143 5
143 11338
143 12212
143 13218
143 5201
143 8333
144 5
144 588
144 4481
144 7951
144 9842
144 15911
144 13382
144 17368
144 17369
145 5280
145 5
145 2585
145 7117
145 13549
146 11144
146 13549
146 14283
146 15933
146 5
146 6028
146 11982
146 5798
146 6129
146 6186
147 14658
147 1494
147 8678
147 3088
147 12818
147 552
147 7101
147 7102
147 1345
147 4262
147 16521
147 4427
147 13062
147 13468
147 5171
147 4200
147 17809
147 14269
147 667
147 12580
147 15572
147 5215
147 7721
147 14464
147 15640
147 5
147 4263
147 9469
147 9526
147 12948
147 16143
147 17155
148 9905
148 4537
148 5490
148 2755
148 2572
148 5
148 881
148 4524
148 6838
149 2327
149 2463
149 6857
149 967
149 14020
149 14048
149 6
149 13135
150 785
150 6
150 737
150 972
150 4613
151 6
151 14545
151 14048
151 16331
151 2870
151 4591
151 13325
151 5839
152 6
152 708
152 5119
152 3840
152 5641
152 633
152 4367
152 3082
152 11702
153 10871
153 5134
153 5643
153 10866
153 16026
153 6
153 2596
153 1469
153 2565
153 3345
153 3711
153 6802
153 16706
153 17350
153 2599
153 7482
154 900
154 11718
154 366
154 8221
154 9479
154 11100
154 11712
154 767
154 8442
154 9168
154 13038
154 17537
154 16928
154 17976
154 17996
154 9078
154 17567
154 18308
154 7
155 15170
155 16345
155 16586
155 17923
155 7
155 9075
156 2559
156 12111
156 7
156 1974
156 6109
157 7
157 1973
157 4523
157 5908
157 7462
158 7
158 5596
158 13517
158 15748
158 10529
158 16419
158 18185
159 7
159 5185
159 13114
159 16189
159 16372
159 994
159 16472
159 16685
159 17162
159 16113
159 17518
159 17572
160 12800
160 14158
160 7466
160 8
160 8321
160 17380
161 8
161 6818
161 6068
161 6732
161 7623
161 4845
162 2329
162 3134
162 11907
162 8
162 14764
162 5811
163 8
163 1048
163 2295
163 2910
163 15140
164 8
164 4770
164 12099
164 16587
164 1803
164 4276
164 5216
164 13023
164 16055
164 6207
165 2634
165 6067
165 820
165 11845
165 9851
165 17196
165 17593
165 18181
165 16928
165 18032
165 18203
165 9
166 11665
166 11656
166 9911
166 14060
166 13723
166 13585
166 16469
166 16471
166 8684
166 10524
166 3084
166 16419
166 17486
166 17570
166 18185
166 18205
166 18261
166 18286
166 9
167 10749
167 11656
167 12287
167 16372
167 15651
167 9
168 6927
168 691
168 15748
168 16472
168 16334
168 10524
168 10527
168 17706
168 4060
168 10394
168 12604
168 12607
168 17217
168 18078
168 18017
168 9
169 1021
169 11584
169 17506
169 12479
169 14764
169 9
169 18316
170 8940
170 1255
170 469
170 4787
170 5626
170 15175
170 15806
170 16468
170 11706
170 14609
170 15731
170 14504
170 16469
170 11946
170 10529
170 5027
170 16334
170 16388
170 16444
170 13581
170 13582
170 16722
170 2460
170 10530
170 10522
170 17489
170 5026
170 10526
170 17231
170 10525
170 17821
170 17504
170 17699
170 17737
170 17832
170 16854
170 16473
170 18124
170 17951
170 17993
170 18190
170 17938
170 17834
170 18156
170 18239
170 17994
170 18184
170 5021
170 8724
170 18260
170 18121
170 18203
170 18023
170 18272
170 18139
170 18238
170 18294
170 18313
170 9
170 18338
170 18340
170 18132
170 18214
170 18343
171 13446
171 492
171 17687
171 18204
171 9
171 18316
171 3115
171 18335
172 508
172 359
172 5721
172 7675
172 6747
172 7245
172 2162
172 10906
172 2876
172 5405
172 3071
172 2829
172 5520
172 7951
172 9663
172 7175
172 4336
172 139
172 758
172 8670
172 13586
172 14504
172 4331
172 12197
172 579
172 6720
172 10472
172 4421
172 13522
172 9888
172 6706
172 1948
172 2766
172 6197
172 12067
172 5000
172 409
172 15763
172 667
172 8139
172 2300
172 1691
172 16565
172 11946
172 192
172 16444
172 16184
172 11848
172 17838
172 9145
172 16854
172 17524
172 10528
172 16697
172 341
172 17568
172 2941
172 10526
172 15760
172 5021
172 16617
172 18261
172 18149
172 17495
172 18017
172 18018
172 2081
172 9
172 18316
173 890
173 6927
173 6073
173 9639
173 10750
173 3089
173 8375
173 15748
173 13908
173 7240
173 16273
173 17590
173 18095
173 8152
173 6903
173 4526
173 12119
173 15121
173 9
174 4038
174 6712
174 1034
174 3628
174 4537
174 5478
174 9091
174 1798
174 11907
174 5677
174 14480
174 10510
174 10384
174 37
174 7157
174 15947
174 16471
174 2656
174 14772
174 5907
174 10530
174 16722
174 13581
174 10522
174 2460
174 5026
174 12645
174 10526
174 17231
174 12270
174 2966
174 6805
174 14789
174 11271
174 13458
174 13187
174 17699
174 17737
174 17832
174 7269
174 14117
174 17738
174 492
174 17615
174 17821
174 17569
174 18194
174 18152
174 18242
174 18121
174 18260
174 18203
174 10712
174 14764
174 18023
174 17626
174 18249
174 18092
174 9
174 18316
174 17944
174 18348
175 829
175 1015
175 828
175 4282
175 7093
175 8942
175 4063
175 809
175 12579
175 4387
175 526
175 6554
175 14504
175 10109
175 11552
175 10722
175 10478
175 9307
175 9
176 8688
176 10821
176 15854
176 14963
176 8004
176 9
176 18278
177 424
177 6068
177 6506
177 8720
177 10721
177 4015
177 10416
177 13711
177 11258
177 14736
177 1048
177 2553
177 11707
177 14097
177 1243
177 11844
177 16565
177 15024
177 446
177 16827
177 1901
177 17218
177 13583
177 16419
177 3599
177 10527
177 17353
177 13297
177 12606
177 14661
177 12576
177 18204
177 805
177 14764
177 18078
177 18017
177 18018
177 17217
177 17495
177 9
177 18310
177 18277
177 18280
177 18335
177 18278
178 464
178 14056
178 994
178 15806
178 16468
178 16469
178 11946
178 14216
178 5907
178 10523
178 4956
178 17838
178 17488
178 17486
178 17701
178 12608
178 17090
178 17835
178 16021
178 18181
178 18205
178 18078
178 18248
178 9
179 1241
179 1247
179 1260
179 4006
179 7467
179 126
179 804
179 411
179 5029
179 10761
179 5300
179 367
179 2684
179 7466
179 2320
179 366
179 2257
179 6882
179 2242
179 9470
179 2344
179 11946
179 17537
179 5026
179 17090
179 11223
179 15380
179 18042
179 16368
179 17217
179 9
180 6215
180 827
180 6907
180 449
180 6159
180 9
180 10669
180 7186
180 9333
180 5969
180 11667
181 9
181 11793
181 4695
181 5402
181 7951
181 11060
181 7791
181 8055
182 3979
182 10006
182 13697
182 16259
182 244
182 17572
182 9
183 6927
183 16491
183 17483
183 17518
183 18185
183 9
184 7717
184 13786
184 4320
184 9
184 2484
184 16948
185 1846
185 3084
185 5131
185 6297
185 2259
185 6997
185 7399
185 2940
185 3444
185 1785
185 2342
185 1983
185 7021
185 12236
185 4418
185 7046
185 4924
185 6408
185 1371
185 5297
185 4386
185 14481
185 7361
185 9223
185 6089
185 2277
185 4545
185 5304
185 883
185 8473
185 9479
185 10481
185 3617
185 1394
185 366
185 5493
185 11641
185 9214
185 6108
185 12884
185 8636
185 14079
185 4160
185 10382
185 12724
185 14649
185 4258
185 10614
185 5756
185 736
185 10650
185 3710
185 16189
185 14932
185 12072
185 9536
185 12714
185 13882
185 14772
185 4576
185 12240
185 674
185 1176
185 1492
185 8264
185 6333
185 12604
185 12607
185 16126
185 14385
185 7940
185 10384
185 10385
185 9184
185 11745
185 10380
185 9697
185 16064
185 16645
185 7025
185 5968
185 8154
185 18095
185 16066
185 13965
185 4657
185 9063
185 2778
185 2922
185 18316
185 16824
185 16029
185 9
185 17567
185 14630
185 14631
186 10
186 1768
186 15477
186 9242
186 16168
186 2675
187 918
187 2858
187 3848
187 919
187 921
187 6836
187 10
187 8833
187 10472
187 13918
187 14932
187 14933
187 15213
187 4881
188 3480
188 4651
188 4743
188 10
188 2706
189 1228
189 2172
189 9956
189 10618
189 11306
189 2199
189 9711
189 11664
189 1454
189 13573
189 165
189 9826
189 14903
189 16458
189 469
189 1161
189 13600
189 15996
189 8359
189 9974
189 10
189 11189
189 2788
189 12950
189 16044
190 6227
190 6220
190 9528
190 2440
190 5798
190 4690
190 330
190 8869
190 1567
190 6241
190 8170
190 8187
190 6223
190 6224
190 8199
190 1315
190 9526
190 5806
190 7573
190 10
190 2300
190 1754
190 4282
190 11683
190 5163
190 248
190 5364
190 758
190 9530
190 11535
190 4278
190 3183
190 9658
190 5613
190 1921
190 10059
190 7046
191 66
191 391
191 299
191 10
191 104
191 6068
191 15624
192 10
192 10985
192 3160
192 4200
192 3456
192 5451
193 1157
193 5740
193 5386
193 2824
193 9514
193 7726
193 2666
193 10
193 4481
194 11850
194 8353
194 930
194 2188
194 7305
194 10
194 8869
195 749
195 10
195 391
195 596
195 2943
196 41
196 87
196 705
196 10
196 2667
196 2441
196 722
196 6548
196 1231
196 37
196 3203
196 1939
196 1961
196 6460
196 4069
196 402
196 912
196 36
196 3897
196 6875
196 2445
196 1459
196 6135
196 16580
196 6404
196 9656
196 926
196 6754
197 2456
197 4247
197 4968
197 7103
197 7107
197 15808
197 96
197 2384
197 3840
197 10
197 271
197 4197
197 11063
197 11951
197 12203
197 409
197 9902
197 10539
197 13282
197 15517
197 4473
197 4787
197 17025
198 4069
198 5634
198 469
198 2070
198 2456
198 5857
198 10
198 5135
198 3550
198 3997
198 5600
198 1928
198 6757
198 9494
198 8624
198 1506
198 8183
199 5000
199 6755
199 1083
199 10
199 923
199 8139
200 7556
200 11
200 991
200 5527
200 9372
200 4476
200 9877
201 1261
201 4064
201 2295
201 11
201 46
201 10404
201 15235
201 16186
201 16084
201 17196
201 8929
201 18101
201 5891
201 17996
202 3105
202 11
202 1609
202 1838
202 2161
202 2269
202 5297
202 809
202 9380
203 3063
203 8600
203 11
203 530
203 2150
203 4642
203 6821
203 8353
203 10176
203 11281
203 11518
203 12353
203 13094
203 16838
204 11
204 2237
204 6744
204 8341
204 6797
204 7659
204 10201
205 11
205 431
205 9047
205 9049
205 3237
205 11121
205 4179
205 10489
205 818
206 12217
206 382
206 13782
206 17199
206 6080
206 7755
206 12
206 1221
206 5634
206 12488
206 14867
206 17011
206 6129
206 13549
207 1113
207 936
207 3495
207 12
207 4817
207 1035
207 9565
207 10213
207 1036
207 4581
207 8221
207 6044
207 4624
207 2732
207 4478
207 3848
207 5634
207 11786
207 750
207 93
207 4368
207 2297
207 2061
208 12
208 15056
208 1433
208 12388
208 17746
209 12
209 15773
209 5020
209 5470
209 16890
210 10953
210 189
210 2176
210 460
210 12
210 9403
210 635
211 5516
211 12
211 7100
211 3698
211 6599
211 5561
211 6023
211 6021
211 13098
211 5706
211 13285
211 15829
211 11303
211 17611
211 6749
211 17628
211 6125
211 12203
212 821
212 1946
212 7866
212 4092
212 14685
212 1993
212 8634
212 15230
212 3207
212 7256
212 13074
212 12
212 4581
213 5724
213 5070
213 3394
213 15513
213 8999
213 11632
213 11985
213 13604
213 9736
213 15127
213 12
213 5186
213 13527
213 16231
213 8676
213 4700
213 6662
213 16726
214 6837
214 11942
214 1334
214 10747
214 12710
214 7820
214 10188
214 12098
214 14352
214 4627
214 5828
214 13098
214 12
215 8688
215 9226
215 13
215 4752
215 6930
215 1110
215 306
215 15184
216 10783
216 11822
216 13
216 1256
216 9963
216 11656
216 1064
216 12821
216 1061
216 4926
216 328
216 9967
216 10107
216 11913
216 1081
217 13
217 13566
217 12102
217 5027
217 10529
217 16334
217 18205
217 17835
217 17589
218 2016
218 9811
218 10965
218 2586
218 4761
218 6257
218 10064
218 10906
218 13
219 1083
219 1960
219 13492
219 13
219 412
220 13
220 485
220 2478
220 4823
220 1933
220 2161
220 2502
221 10216
221 10059
221 8068
221 8220
221 13
222 5186
222 2768
222 14
222 2523
222 5351
222 6092
222 13048
222 1041
222 2524
222 14782
222 15934
222 2456
222 11978
222 298
222 8372
222 11261
222 15394
223 17706
223 14
223 18079
223 18203
223 18205
223 18018
224 9870
224 59
224 927
224 10238
224 12709
224 14912
224 14
224 75
224 6963
224 9162
224 9699
225 7172
225 6395
225 7274
225 10406
225 14
225 237
226 8221
226 14
226 5908
226 13340
226 15341
227 15
227 385
227 17627
227 7317
227 18308
227 17944
228 15
228 1261
228 7388
228 10799
228 15012
228 15748
228 905
229 15
229 391
229 403
229 38
229 96
229 100
229 1307
229 730
229 814
229 1073
229 1375
229 1606
229 6927
229 752
229 5046
229 436
229 5606
229 3110
229 3924
229 6407
229 1670
229 3433
229 5298
229 7552
229 5668
229 5691
229 7116
229 1283
229 7134
229 3759
229 3624
229 1786
229 9746
229 3630
229 1046
229 6009
229 7413
229 9811
229 6117
229 6834
229 8693
229 14118
229 3642
229 6135
229 6423
229 11625
229 11643
230 15
230 1836
230 5677
230 2107
230 5625
230 2679
230 46
230 17558
230 5851
230 17838
230 142
230 15733
230 1099
230 3134
230 16461
230 6743
230 2135
230 7622
231 15
231 6927
231 4017
231 872
231 2677
231 16189
231 13121
231 13580
231 3084
232 6596
232 16
232 13431
232 12378
232 14292
232 7900
232 9730
232 13221
233 16
233 4418
233 5175
233 10528
233 11808
234 4107
234 1678
234 4414
234 8185
234 8876
234 10628
234 16
235 16
235 2135
235 4069
235 5589
235 8156
235 10225
235 12191
235 11063
236 16
236 232
236 501
236 1621
236 13894
237 17
237 6093
237 10994
237 5898
237 6447
238 6480
238 6974
238 10933
238 18030
238 1320
238 17
238 5996
239 8179
239 5264
239 8624
239 16368
239 17
239 5798
240 21
240 6909
240 1909
240 17
240 7298
240 7441
241 7343
241 17
241 18
241 3500
241 13257
241 10793
241 17977
242 1775
242 6565
242 8624
242 4685
242 13965
242 17
242 9829
242 9994
242 11489
242 12176
242 12024
242 12552
242 3321
243 2135
243 16074
243 4467
243 6643
243 7900
243 4231
243 10052
243 11486
243 9812
243 12012
243 4222
243 12872
243 1533
243 4232
243 11979
243 18043
243 17
244 4476
244 2245
244 7492
244 17
244 13243
244 6241
245 4156
245 17
245 3652
245 7102
245 12322
245 12759
246 418
246 2321
246 17
246 3378
246 6235
246 7207
246 8225
247 2301
247 3539
247 3848
247 4265
247 4639
247 8079
247 16272
247 14656
247 9155
247 1147
247 5857
247 9853
247 13926
247 14176
247 16162
247 3384
247 10997
247 17
247 11071
248 1749
248 7863
248 11137
248 11658
248 17
248 1147
248 4441
248 4781
248 5857
248 6225
248 7028
248 7168
248 9469
248 11211
248 11252
248 12203
248 13402
248 17785
248 2117
248 3672
248 6808
248 6846
248 9800
248 10074
248 13468
248 16706
248 17601
248 6208
248 10058
248 10060
248 17585
249 3012
249 3169
249 4524
249 10146
249 1322
249 3518
249 14653
249 17
249 15758
250 17048
250 2546
250 10289
250 11038
250 15041
250 18
250 11557
251 7623
251 11600
251 18
251 6453
251 13764
251 224
251 4207
251 5392
251 14686
251 5520
251 6455
251 14816
251 6020
251 6230
251 6611
251 6220
251 276
251 6241
251 8183
251 9494
251 9529
252 8195
252 16206
252 9362
252 9541
252 4441
252 4978
252 9507
252 249
252 3794
252 14030
252 18
252 13650
252 17800
252 3905
253 18
253 5205
253 6082
253 7951
253 6415
253 7441
253 8745
253 17179
254 6451
254 2427
254 10780
254 15308
254 18
254 586
254 16417
254 3672
254 10532
255 1701
255 3770
255 2832
255 7607
255 1707
255 4378
255 5000
255 2473
255 3865
255 1934
255 159
255 5369
255 12650
255 8191
255 3000
255 7867
255 8878
255 7310
255 2070
255 7065
255 8992
255 12658
255 4067
255 5765
255 18
255 12133
255 7173
255 11083
255 8506
255 10682
255 954
255 10901
255 6644
255 8624
255 15975
255 12376
255 17405
255 13276
255 7312
255 11722
255 11827
255 15823
255 3592
255 11989
255 12688
255 10330
255 4120
255 13739
255 16297
255 13306
256 3655
256 8072
256 12353
256 14044
256 16010
256 248
256 271
256 3375
256 4781
256 18
256 5798
257 285
257 3186
257 18
257 253
257 558
257 13860
258 11223
258 11057
258 14360
258 7613
258 13479
258 7305
258 10805
258 321
258 18
258 6129
258 1178
258 8954
258 1839
258 15121
258 2045
258 5800
259 2809
259 3745
259 18
259 2159
259 7492
259 6555
259 8078
259 8147
259 9992
260 4462
260 2488
260 18
260 518
260 8884
260 11144
260 833
260 11983
260 17251
260 5060
260 5417
260 15800
260 233
260 503
260 8234
260 11810
260 4781
260 5285
261 4508
261 11626
261 9474
261 6009
261 8753
261 13093
261 18
261 3903
261 4497
261 10352
261 6903
262 469
262 16091
262 18
262 4948
262 5201
262 2228
262 3585
262 12760
262 16891
262 11865
262 14150
262 15994
262 17368
262 11363
262 13224
263 273
263 4378
263 10933
263 15756
263 15993
263 3236
263 5634
263 5520
263 13487
263 4255
263 8519
263 15307
263 13416
263 11183
263 3043
263 12687
263 14557
263 16683
263 18
263 6780
263 1918
264 6728
264 2895
264 11793
264 11986
264 15635
264 8167
264 6031
264 8225
264 10775
264 2485
264 18
264 8336
264 4425
264 7294
264 8509
264 11212
264 11522
264 7437
265 9249
265 7574
265 9498
265 11154
265 17533
265 3809
265 8922
265 18
265 371
265 685
265 4433
265 4787
265 5634
265 6299
265 6444
265 6750
265 8968
265 9316
265 9690
265 14561
265 15768
265 18254
266 18
266 13234
266 1256
266 9332
266 12741
266 958
266 8015
266 11016
267 1478
267 8863
267 13571
267 2634
267 18
267 12982
267 8137
267 17685
267 8699
267 11865
268 18
268 6201
268 2498
268 6197
268 1455
269 1758
269 10149
269 3656
269 430
269 18
269 3983
270 2470
270 8783
270 13764
270 14968
270 3532
270 5613
270 6013
270 16409
270 16519
270 2471
270 7103
270 18
270 3076
270 3681
270 6208
270 7102
270 11934
270 13907
270 12216
270 15738
271 7451
271 3583
271 4506
271 6640
271 7092
271 8624
271 11752
271 8027
271 13081
271 1323
271 18
271 201
271 4780
271 11516
272 3213
272 9558
272 3874
272 7166
272 17419
272 18
272 6183
272 440
272 1928
272 2959
272 3232
272 9060
272 1159
272 2325
272 12928
272 12608
272 4821
272 2731
272 17838
272 17009
272 6692
273 5079
273 5520
273 18
273 2121
273 4781
273 15531
273 17649
273 17540
273 6091
273 9740
273 10013
273 13506
273 13650
273 16143
273 17792
273 16960
273 7102
273 18177
274 18
274 4217
274 15418
274 16397
274 16399
274 7102
275 18
275 4787
275 7558
275 11225
275 14205
276 11090
276 18
276 584
276 4170
276 8137
277 18
277 5932
277 2876
277 9263
277 9621
277 3505
277 10440
278 265
278 6684
278 18
278 6093
278 5197
278 8786
278 16331
278 18180
279 9736
279 18
279 171
279 1189
279 3103
279 3542
279 5060
279 10054
279 13214
279 4744
279 4704
279 6804
279 7830
279 13504
279 355
279 8167
279 14416
279 15208
279 15341
279 7776
279 58
279 2628
279 5270
279 2524
279 16294
279 2230
279 10346
279 12668
279 12748
279 14702
279 15021
279 16358
279 177
279 253
279 2586
279 3059
279 3548
279 4441
279 6444
279 8172
279 8185
279 9044
279 9842
279 10460
279 11143
279 11217
279 11390
279 12973
279 13477
279 13563
279 15700
279 2375
279 6129
279 10241
279 2546
279 6802
279 2380
279 3698
279 7737
279 17734
279 4089
279 162
279 11073
279 13534
279 11965
279 16668
279 13805
279 11313
279 13835
279 14766
279 10511
279 14233
279 16967
279 187
279 14311
279 16846
279 14230
279 11663
279 8188
279 8783
279 16369
279 5828
279 7852
279 2547
279 11240
279 3058
279 10478
279 14411
279 18041
279 3688
279 635
279 2689
280 246
280 9386
280 5218
280 2586
280 7102
280 18
280 9469
281 18
281 8579
281 3528
281 8225
281 1535
281 2472
281 14995
282 6129
282 16287
282 9291
282 13278
282 13962
282 17219
282 17380
282 18
282 2574
282 3750
282 13412
283 13065
283 2858
283 18
283 4156
283 7951
284 11907
284 5706
284 18
284 3073
284 4427
284 5408
284 6223
284 6818
284 7102
284 7951
284 10267
284 10759
284 10840
284 12735
284 14044
284 817
284 872
284 8803
284 8579
285 18
285 5471
285 8419
285 5338
285 3572
286 3818
286 6291
286 11984
286 18
286 4773
286 5800
286 8505
286 9800
286 17114
287 18
287 7102
287 6006
287 10218
287 13935
287 11211
287 11916
287 5932
288 769
288 2654
288 63
288 1619
288 11183
288 6465
288 2621
288 7109
288 3430
288 13252
288 8989
288 3771
288 12351
288 806
288 7247
288 9736
288 7507
288 6103
288 18
288 12832
288 15225
288 15331
288 5781
288 2300
288 1225
288 2566
288 3369
288 5154
288 12481
288 7752
288 11340
288 5333
288 8099
288 17094
288 6084
288 14044
288 15101
289 4746
289 18
289 403
289 8294
289 14970
289 15057
289 3357
289 1137
289 2898
290 18
290 230
290 690
290 1328
290 1547
290 2489
290 4453
290 5084
290 5216
290 5720
290 6821
290 7875
290 9386
290 10165
290 12008
290 13100
290 14873
290 2601
290 3807
290 8359
290 5776
290 8737
290 12550
290 5158
290 1737
291 18
291 4656
291 6089
291 7157
291 9243
291 10217
291 12043
291 15908
292 815
292 8091
292 8343
292 6451
292 9501
292 18
292 7102
292 13782
292 14957
293 18
293 2602
293 224
293 2586
293 3652
293 3672
293 11183
294 16362
294 18
294 1802
294 2370
294 17422
294 9251
294 9736
294 16403
294 15404
294 17924
295 18
295 1838
295 3863
295 4950
295 12428
296 18
296 1323
296 2520
296 3369
296 3768
296 3846
296 4065
296 5953
296 7284
296 9354
296 9888
296 10276
296 10425
296 12868
296 13769
296 13915
296 13918
296 14193
297 10408
297 15619
297 7408
297 18
297 7111
297 11122
297 2847
297 16272
297 5121
297 9567
298 18
298 1478
298 4529
298 5103
298 10759
298 10773
298 13243
298 17581
298 17645
299 18
299 4175
299 12382
299 16972
299 13586
300 18
300 4119
300 7102
300 14217
300 9351
300 9907
300 16150
301 18
301 1677
301 8717
301 13860
301 3506
301 4481
302 6620
302 15374
302 18
302 2120
302 11425
302 14970
302 17465
303 18
303 2118
303 3814
303 11934
303 7522
303 7832
303 12322
303 12759
304 13653
304 18
304 3673
304 10370
304 10762
304 12189
304 12948
304 16051
304 6847
304 2542
304 6343
304 11581
304 15076
304 18202
304 13421
304 14465
305 3670
305 14214
305 18
305 5218
305 7110
305 11363
305 12256
305 12910
305 5383
306 18
306 7589
306 8914
306 4800
306 6174
307 314
307 1203
307 14368
307 17055
307 18
308 2120
308 6060
308 7216
308 7951
308 9842
308 9872
308 12982
308 10057
308 5932
308 9517
308 18
308 16062
308 12912
308 16639
309 18
309 9904
309 11614
309 15432
309 16570
310 11335
310 13243
310 13468
310 5776
310 14608
310 15286
310 4228
310 7035
310 7750
310 1669
310 6131
310 18
310 469
310 2148
310 3652
310 4787
310 6303
310 7320
310 5857
310 564
310 1115
310 2876
310 15814
310 16027
311 351
311 4858
311 5644
311 8202
311 5218
311 4217
311 4437
311 6091
311 12832
311 2976
311 18
311 2063
311 7065
311 9720
311 2786
311 10973
311 4425
311 10254
311 6565
311 6610
311 11215
311 11384
311 16162
311 8803
311 4787
311 10593
311 3373
311 4789
311 8027
311 10188
311 17239
311 8426
311 14090
311 249
311 2833
311 13038
311 10781
311 10826
311 8967
311 1013
311 13440
311 10322
311 5270
311 13535
311 12607
311 14257
311 7716
311 8098
311 15094
311 17685
311 15076
311 16420
311 16182
312 18
312 1272
312 1928
312 4271
312 12602
313 8195
313 12403
313 18
313 11208
313 9367
313 9736
313 10058
313 13053
314 18
314 2027
314 4931
314 388
314 8803
314 9251
314 6210
315 2384
315 3771
315 4700
315 5819
315 10532
315 10943
315 10842
315 3983
315 9789
315 1527
315 17042
315 249
315 634
315 3375
315 16282
315 18
315 1877
315 4168
315 4317
315 6444
315 7829
315 14460
316 11138
316 12035
316 14230
316 9261
316 14232
316 4453
316 7214
316 7102
316 18
316 3672
316 3652
316 9351
316 9503
316 15294
316 8189
316 15585
316 3430
316 5369
316 13091
316 2523
316 6855
316 2586
316 7442
316 7130
317 18
317 2586
317 5975
317 6208
317 9800
317 13065
318 18
318 8505
318 12608
318 1312
318 15127
319 2832
319 3545
319 8656
319 6873
319 13523
319 18
319 8171
319 17945
319 6449
319 1659
319 7922
319 12394
319 12874
319 3271
320 5045
320 11774
320 18
320 7451
320 17806
321 9501
321 9182
321 10061
321 13118
321 18
321 8161
322 9971
322 228
322 10581
322 445
322 18
322 10683
323 18
323 3671
323 5399
323 6208
323 7102
323 13243
324 2165
324 7786
324 8246
324 8850
324 11402
324 11401
324 2802
324 13370
324 9036
324 12321
324 14412
324 7162
324 14358
324 3829
324 10254
324 13386
324 10146
324 9198
324 12322
324 16223
324 11842
324 5399
324 12568
324 12867
324 7951
324 10868
324 17063
324 15336
324 8736
324 10056
324 14495
324 17416
324 14330
324 17103
324 14011
324 18
324 12297
324 10218
324 8831
324 10261
324 14194
325 1345
325 7392
325 4668
325 16553
325 18
325 9344
326 14788
326 18
326 7219
326 235
326 5101
326 5399
326 2119
326 2602
326 3589
326 5079
326 13640
326 14727
326 3803
326 12380
326 14799
326 1111
326 2586
326 13935
326 518
326 3795
326 8928
326 11675
327 7696
327 10008
327 5472
327 2761
327 16252
327 585
327 9679
327 4720
327 7334
327 11131
327 9322
327 18
328 3813
328 10933
328 4349
328 13239
328 6257
328 12668
328 13596
328 14536
328 13370
328 233
328 4426
328 7613
328 4183
328 18
328 6098
328 16881
328 12680
328 2033
328 11059
328 15464
328 8183
328 13449
328 15502
328 532
328 15572
328 2832
328 8579
328 13081
329 10072
329 285
329 7089
329 18
329 14115
329 14311
330 18
330 4200
330 6031
330 6285
330 8190
330 8579
330 10785
330 17047
330 1316
330 12487
330 18325
330 17681
331 18
331 6342
331 7953
331 8656
331 12537
332 4092
332 9526
332 12421
332 8958
332 18
332 9997
333 5061
333 285
333 2210
333 9663
333 18
333 14022
333 10705
333 3652
333 10290
333 3612
333 6555
333 13936
333 16700
334 9036
334 14626
334 18
334 6960
334 14398
334 5844
335 9251
335 13649
335 4404
335 13348
335 15154
335 7661
335 12504
335 18
335 5079
335 5883
335 368
335 6513
335 9463
335 9516
335 10759
335 11594
335 15250
335 2370
335 2660
335 4670
335 5379
335 6991
335 8875
335 16574
335 2949
336 2511
336 2279
336 4991
336 6653
336 7474
336 3923
336 9063
336 11644
336 7102
336 13764
336 6760
336 1478
336 501
336 9038
336 9351
336 10919
336 12065
336 14495
336 12394
336 9512
336 15933
336 7875
336 12393
336 13189
336 8225
336 12555
336 18
336 11212
336 12793
336 16291
336 12080
336 4190
336 4786
336 1749
336 17910
336 6444
337 5358
337 15584
337 17598
337 18
337 6208
338 5284
338 7102
338 10776
338 2586
338 14109
338 13054
338 4054
338 6223
338 18
338 7850
338 13013
338 14691
338 17641
338 2213
338 2570
338 7718
338 8799
338 13469
339 10933
339 11991
339 18
339 8737
339 2595
340 7102
340 18
340 1443
340 2420
340 4216
340 5216
340 9740
340 9842
340 10735
340 13166
340 14284
340 18296
340 18305
340 14541
340 16072
341 18
341 6091
341 8354
341 13705
341 15597
342 18
342 2370
342 3656
342 5599
342 6274
343 1353
343 8930
343 18
343 9755
343 11810
344 1990
344 5747
344 8662
344 5008
344 2281
344 2282
344 1379
344 9694
344 1972
344 4795
344 1389
344 1308
344 10285
344 12249
344 3676
344 1068
344 10421
344 8953
344 6998
344 18
344 15880
344 7042
344 1378
344 1652
344 7558
344 13389
344 9411
344 16933
344 9095
344 10956
344 4724
344 10907
344 10888
344 9148
345 7102
345 18
345 5996
345 7219
345 13595
346 7102
346 502
346 11877
346 18
346 7767
346 13607
346 15768
346 15365
346 654
346 657
346 17888
346 17550
347 18
347 8727
347 13764
347 234
347 8084
348 18
348 501
348 2398
348 2800
348 9525
348 10759
348 11077
348 13822
348 387
348 5171
348 4273
348 5060
348 13404
348 350
348 9516
348 13854
348 17550
348 14010
349 285
349 5520
349 10773
349 2616
349 18
349 253
350 3652
350 3653
350 3655
350 6238
350 2331
350 3672
350 5062
350 2213
350 8548
350 18
350 3190
350 4058
350 4197
350 7221
350 7738
350 13542
350 7327
350 9430
350 13614
350 14004
350 11137
350 11143
350 11252
350 645
350 13926
350 9018
350 5360
350 8225
350 8369
351 6286
351 8982
351 10904
351 3814
351 7575
351 10056
351 18
351 11862
351 6976
352 18
352 5101
352 7102
352 8579
352 10251
353 9696
353 5828
353 18
353 14374
353 4059
354 8259
354 11516
354 13551
354 15006
354 16398
354 18
354 4185
354 4188
355 6744
355 18
355 338
355 4878
355 15842
355 17056
356 5520
356 18
356 3186
356 12027
356 10476
356 13762
356 502
356 8523
356 11138
356 228
356 4071
356 8965
357 2176
357 18
357 2601
357 13507
357 2120
357 2127
357 7063
358 2362
358 7053
358 1753
358 18
358 8102
359 18
359 7951
359 16962
359 16963
359 16959
359 12356
360 1129
360 4476
360 6102
360 12539
360 18
361 18
361 6085
361 6208
361 7568
361 9546
361 3790
361 15225
361 12841
361 15633
362 2164
362 17120
362 18
362 203
362 937
362 11338
362 11842
362 4973
362 5320
362 12203
363 18
363 4212
363 6639
363 7924
363 8167
363 9658
363 10660
363 11722
363 13860
363 15343
363 9979
363 17672
364 8655
364 8876
364 6060
364 10058
364 2513
364 4255
364 6230
364 9463
364 13341
364 9736
364 2242
364 11373
364 11570
364 5456
364 9479
364 9825
364 10628
364 6490
364 8871
364 4573
364 9512
364 9721
364 5814
364 6791
364 11982
364 854
364 18
364 8008
364 5453
364 2269
364 3848
364 6176
364 1375
364 8138
364 13650
364 2113
364 7845
364 8269
364 8775
364 9251
364 171
364 457
364 1087
364 5634
364 6240
364 6451
364 15208
364 13931
364 4069
364 9491
364 14873
364 8617
364 4183
364 1386
364 11843
364 13835
364 8166
364 12602
364 15361
365 6654
365 9486
365 18
365 253
365 4439
365 5403
365 6855
365 8803
365 9758
365 10766
365 10768
365 11209
365 1752
365 8190
365 8268
365 10457
365 13082
365 13614
365 3016
365 3379
365 8167
365 8169
365 8175
365 11671
366 2827
366 16072
366 18
366 11438
366 12283
366 15107
367 18
367 13770
367 6068
367 16168
367 12970
367 17129
368 11734
368 4355
368 18
368 389
368 6003
369 18
369 7254
369 6293
369 13540
369 12867
369 5822
370 7575
370 2983
370 2736
370 14691
370 18
370 188
370 2539
370 8225
370 10775
370 12046
370 16871
370 8405
370 11086
371 1446
371 3854
371 4781
371 7110
371 7408
371 9701
371 11211
371 4403
371 18
371 5194
371 5060
371 5366
371 254
371 6344
371 12673
371 13507
371 11183
371 16143
371 3773
371 10453
371 11934
371 17388
371 1104
371 6303
371 13704
371 15987
371 4629
371 7102
371 13105
371 15984
371 8354
371 17268
371 11601
371 13097
372 833
372 5407
372 7545
372 267
372 8963
372 9351
372 13106
372 4190
372 859
372 15585
372 12140
372 18
372 5091
372 13568
372 1749
372 8799
372 8326
372 5805
372 7840
372 7943
372 528
372 13272
372 262
372 10279
372 14962
372 2825
373 19
373 215
373 9819
373 1292
373 3062
373 3450
373 3755
373 15121
374 2901
374 2511
374 5822
374 5472
374 2927
374 400
374 19
374 8201
375 19
375 6383
375 3573
375 10427
375 15137
376 16866
376 662
376 7808
376 8641
376 16070
376 16557
376 17437
376 19
376 1786
376 4915
376 5125
376 6132
376 9089
376 10237
376 10888
376 12257
376 14769
376 15778
377 8904
377 11967
377 19
377 4099
377 6390
377 4523
377 13265
378 9222
378 19
378 51
378 71
378 794
378 6077
378 9304
379 20
379 1023
379 13681
379 8557
379 12409
379 2413
379 9367
380 3444
380 10796
380 11600
380 20
380 6383
380 9222
380 4444
380 6391
380 11132
380 16729
381 20
381 1619
381 5445
381 9857
381 10966
381 5370
381 7911
381 10967
381 12645
382 7810
382 2137
382 7157
382 2691
382 5182
382 9662
382 2273
382 1609
382 20
382 8220
382 14363
382 12810
383 367
383 6149
383 11457
383 20
383 9287
383 12095
383 4601
384 4444
384 994
384 12645
384 17381
384 20
384 4671
384 12644
385 20
385 700
385 13507
385 16452
385 203
385 4251
385 10661
386 8678
386 10371
386 13989
386 20
386 6331
386 6383
386 16673
387 958
387 1739
387 8330
387 10770
387 20
387 4444
387 6382
387 1371
387 10880
388 10732
388 2826
388 7299
388 8161
388 10132
388 11215
388 15633
388 1718
388 249
388 2120
388 3777
388 20
388 1158
389 2926
389 21
389 3084
389 155
389 8375
390 1083
390 37
390 14483
390 16469
390 15479
390 21
390 492
390 14567
390 18280
391 467
391 967
391 872
391 988
391 900
391 4003
391 7466
391 79
391 1619
391 3109
391 1014
391 9365
391 9942
391 9913
391 12385
391 9912
391 14378
391 11191
391 2343
391 628
391 13517
391 14945
391 13585
391 14979
391 16383
391 21
391 11693
391 9022
391 16168
391 17810
391 7045
391 7047
391 17853
391 2683
391 15156
391 14949
391 14764
392 1640
392 11796
392 4851
392 634
392 21
392 10481
393 11846
393 10872
393 21
393 5161
393 168
393 3131
393 5128
393 8058
393 2793
393 14546
394 22
394 1758
394 459
394 5153
394 9267
394 9695
394 11381
394 429
395 3451
395 4639
395 4705
395 12322
395 706
395 8885
395 11748
395 1162
395 22
396 13864
396 22
396 11044
396 2544
396 3561
396 5487
396 6317
396 14419
396 15857
396 17592
396 1841
396 6698
396 7586
396 2949
396 17035
396 1426
396 4939
396 6887
396 13522
397 1404
397 22
397 9846
397 10913
397 1073
398 2976
398 14831
398 1004
398 7091
398 7254
398 7443
398 7924
398 9231
398 9624
398 10862
398 11516
398 11558
398 14864
398 15180
398 22
398 1447
398 2208
398 4524
398 4682
398 4964
398 5829
398 6086
398 6274
398 7253
398 8190
398 8786
398 9736
398 9782
398 10058
398 11084
398 12399
398 12747
398 12794
398 14346
398 15499
398 17388
398 17580
398 17581
398 17750
399 22
399 9500
399 10410
399 1899
399 14460
400 1297
400 63
400 1711
400 1386
400 8461
400 22
401 22
401 10414
401 7028
401 11481
401 9736
401 2586
401 10673
401 2456
402 8449
402 15216
402 22
402 2480
402 7538
402 8055
402 9712
402 3952
402 9668
402 17348
402 12555
403 22
403 1227
403 1939
403 1948
403 7065
403 12763
403 15739
404 5721
404 6744
404 9414
404 4002
404 518
404 3652
404 12431
404 23
404 3188
404 8700
404 5194
405 23
405 2816
405 13566
405 14834
405 16070
406 4888
406 1023
406 23
406 1021
406 4764
407 5278
407 14490
407 15739
407 4406
407 17414
407 5218
407 8214
407 2033
407 2092
407 1430
407 6435
407 8112
407 9479
407 4821
407 16600
407 23
407 5087
407 4764
407 15570
408 1619
408 23
408 2401
408 10799
408 16204
409 187
409 1450
409 3525
409 7045
409 12234
409 6282
409 7929
409 10327
409 23
409 7157
409 8797
409 13045
409 7046
409 15857
409 784
409 6877
409 12729
409 10375
409 10378
409 11840
409 8007
409 4768
409 12025
409 6208
409 762
409 15113
409 3513
409 13764
409 5334
409 11194
409 2687
409 2696
409 1023
409 1790
409 11849
409 13720
410 423
410 24
410 3488
410 15232
410 16130
410 16314
410 10412
411 340
411 629
411 8389
411 24
411 13756
411 1130
412 3555
412 7417
412 2997
412 2181
412 2957
412 17403
412 3652
412 10407
412 24
412 76
413 24
413 5278
413 3084
413 7621
413 7399
413 6284
413 1583
413 106
413 15553
414 622
414 1846
414 24
414 2003
414 2926
414 1528
414 332
414 2654
414 4041
414 5303
414 63
414 2270
414 1532
414 3981
415 24
415 7388
415 10749
415 16600
415 17708
415 17589
415 17567
416 24
416 8914
416 17222
416 16767
416 3640
417 1192
417 1290
417 8640
417 24
417 4661
417 17984
417 18195
418 4495
418 3649
418 13473
418 16111
418 4130
418 7255
418 8769
418 25
418 8860
418 16018
418 6176
418 7440
418 8424
418 10197
418 17119
419 25
419 467
419 826
419 2817
419 2926
420 5822
420 1700
420 4988
420 25
420 7789
420 11598
420 11743
421 25
421 622
421 4386
421 7759
421 10431
421 5796
421 579
421 7219
421 13004
421 5079
421 3875
421 6210
421 4528
421 12376
421 13220
421 12670
421 17985
421 9882
422 2814
422 3634
422 6373
422 6070
422 450
422 684
422 25
422 7804
422 7802
422 3369
422 8049
422 224
422 2767
422 2606
422 8599
422 8541
422 7277
422 26
422 4707
422 10855
422 5329
422 2586
422 5774
422 8523
422 7778
422 13086
422 11772
422 6259
422 13700
422 15235
422 9663
422 7102
422 1494
422 7103
422 7254
422 7951
422 13118
422 14311
422 4926
422 5121
422 9737
422 538
422 5176
422 13566
422 15731
422 830
422 2557
422 3071
422 16469
422 16472
422 3666
422 11946
422 12603
422 4669
422 7036
422 15236
422 10529
422 16565
422 4524
422 2966
422 10524
422 7349
422 1177
422 6350
422 8268
422 7849
422 9539
422 2833
422 17519
422 3345
422 12437
422 8040
422 5021
422 16617
422 15232
422 16668
422 3008
422 18194
422 16182
422 18216
422 3294
422 12492
422 3285
422 11775
422 12263
422 12696
422 13949
422 16579
422 17962
423 6720
423 6507
423 7700
423 6511
423 9527
423 6642
423 94
423 1700
423 6506
423 8149
423 10898
423 5724
423 13003
423 13008
423 11608
423 11707
423 8988
423 8534
423 13005
423 8738
423 8939
423 579
423 1709
423 6533
423 7228
423 5056
423 5157
423 5154
423 1232
423 11676
423 13147
423 5258
423 3652
423 6377
423 14591
423 10304
423 15642
423 15825
423 13814
423 13813
423 5520
423 9354
423 12496
423 5208
423 7284
423 7664
423 8297
423 8484
423 8982
423 11326
423 13004
423 14194
423 25
423 228
423 3307
423 3653
423 16311
423 7650
423 8755
423 11752
423 12764
423 14432
423 17266
423 5151
423 10896
423 12179
423 13431
423 17679
423 17843
424 25
424 5606
424 13122
424 10542
424 15621
425 25
425 7739
425 17196
425 16168
425 17361
425 12604
425 18204
425 18261
426 418
426 25
426 6649
426 5521
426 11459
427 9301
427 6245
427 9312
427 14012
427 26
427 905
427 1161
427 3165
427 6821
427 7735
427 7795
427 8665
427 11469
427 11697
427 11722
427 13649
427 13880
427 14547
427 15844
427 1072
427 3172
427 712
427 3239
427 3813
427 7103
427 9712
427 9251
427 9721
427 10058
427 11633
428 26
428 2209
428 340
428 3252
428 1307
428 9074
429 26
429 382
429 3875
429 4354
429 253
430 531
430 17266
430 7179
430 8096
430 15859
430 26
430 5005
431 27
431 6451
431 7102
431 13614
431 6224
431 9842
431 12067
431 12197
431 5822
431 10181
431 13262
431 13263
431 2456
431 6643
431 10089
431 14995
432 6498
432 27
432 1566
432 4362
432 4689
432 6727
432 7068
432 10206
432 11291
432 12376
432 12771
432 13805
432 17338
433 27
433 2046
433 5514
433 1723
433 6508
433 11486
434 1172
434 2097
434 4361
434 7800
434 11102
434 27
434 2747
434 5138
434 11703
435 8873
435 2385
435 16111
435 3203
435 2555
435 921
435 27
435 13431
435 17291
436 9884
436 6210
436 12771
436 27
436 1658
436 13751
437 27
437 1698
437 7538
437 5407
437 7951
437 11086
437 15371
438 949
438 27
438 2424
438 469
438 3848
438 4494
439 1180
439 5847
439 5822
439 15526
439 9376
439 13198
439 27
439 17380
440 4903
440 548
440 4406
440 5707
440 3848
440 8920
440 9769
440 13005
440 9770
440 2858
440 4069
440 4787
440 8620
440 285
440 949
440 2876
440 5520
440 6031
440 11574
440 16162
440 3059
440 6804
440 7747
440 28
440 685
440 1221
440 7186
440 10149
440 1941
440 7998
440 1948
440 7400
440 2323
440 14743
440 4228
440 9896
440 15094
440 15098
440 12099
440 15173
440 4979
441 2196
441 1937
441 28
441 4362
441 16079
441 1698
442 705
442 37
442 28
442 11718
442 11547
442 2344
442 13782
442 100
442 15806
442 15763
442 15947
442 16084
442 2338
442 15479
442 14216
442 8030
442 8686
442 17593
442 12608
442 17701
442 12090
442 17993
442 18038
442 17836
442 18248
442 18287
442 17091
442 7366
443 2441
443 5566
443 28
443 2307
443 7168
443 9024
444 1135
444 3073
444 4033
444 975
444 6134
444 6136
444 7469
444 2812
444 4688
444 28
444 1493
444 17218
444 11690
444 4724
444 17299
444 12303
445 28
445 874
445 758
445 1742
445 13969
446 954
446 6091
446 7951
446 9736
446 10144
446 11214
446 13603
446 14336
446 15262
446 16593
446 17600
446 17912
446 18151
446 28
447 28
447 783
447 2833
447 3785
447 4282
447 6747
447 13243
447 15866
447 3672
448 6017
448 6021
448 28
448 5697
448 7678
448 7350
449 28
449 4780
449 5210
449 3746
449 10219
450 4781
450 4069
450 4787
450 2027
450 8710
450 7754
450 11926
450 2727
450 4558
450 6501
450 5607
450 7277
450 2384
450 4674
450 8833
450 28
450 10472
450 14995
451 28
451 2486
451 14832
451 17512
451 5487
451 15537
451 2536
451 3910
451 15857
451 1819
451 6057
451 8465
451 14795
451 16492
451 16516
451 17197
451 5490
451 8855
452 6512
452 1227
452 6142
452 15211
452 11377
452 29
452 9435
452 7814
452 13081
452 3795
452 6611
452 5569
453 29
453 4988
453 10342
453 7206
453 3659
453 12802
454 29
454 3606
454 3120
454 11569
454 13098
454 6621
454 7233
454 9010
454 12387
455 10006
455 29
455 4103
455 3935
455 1143
455 15175
455 5738
455 4761
455 6338
455 454
455 5975
455 971
455 17626
455 18081
455 18295
455 16967
456 2489
456 585
456 5351
456 6031
456 6773
456 8718
456 29
456 902
456 4187
456 12686
456 13051
456 7545
456 7891
457 4323
457 12522
457 8091
457 10398
457 12161
457 29
457 5611
457 2030
457 635
458 2926
458 29
458 14977
458 6068
458 7175
458 8028
458 17218
459 2926
459 2135
459 16171
459 2384
459 6734
459 7469
459 11063
459 14943
459 29
459 8027
459 16028
460 29
460 9693
460 8215
460 10733
460 16013
460 782
461 3203
461 14000
461 29
461 11689
461 12515
461 7596
461 8263
461 12954
462 1582
462 3149
462 574
462 29
462 8232
463 30
463 5075
463 5181
463 4394
463 11474
463 13572
463 14566
464 4422
464 6214
464 30
464 923
464 9275
464 10481
464 391
464 13685
464 37
464 42
465 9274
465 30
465 2578
465 3153
465 6807
466 30
466 1371
466 10285
466 10385
466 14819
466 15840
467 30
467 1073
467 1808
467 326
467 10571
467 184
468 17006
468 30
468 33
468 595
468 1699
468 13005
468 1227
468 1700
468 2764
468 4069
468 8403
468 8471
468 11063
468 6886
468 6504
468 6140
468 6720
468 12067
468 9885
468 16283
468 15504
468 5610
468 8139
468 9886
468 11240
468 13152
468 15506
468 14953
468 6841
468 13814
468 17652
468 10682
469 3058
469 5780
469 2909
469 13860
469 9451
469 3441
469 7438
469 7926
469 1909
469 3800
469 5853
469 6782
469 10223
469 13081
469 30
469 1985
469 7951
470 452
470 558
470 8259
470 1875
470 5097
470 210
470 273
470 4328
470 6748
470 17640
470 31
470 2972
470 9567
470 11971
470 2943
470 8001
470 10872
471 2443
471 9924
471 2950
471 3415
471 13805
471 13851
471 4278
471 6309
471 31
471 469
471 633
471 9074
471 9236
471 11320
471 11951
471 2447
471 5078
471 6208
471 7103
471 8040
471 10343
471 10795
471 11217
471 11233
471 13233
471 13550
471 16694
471 15983
472 975
472 11390
472 3638
472 11791
472 13194
472 31
472 11509
472 14497
472 9321
472 17923
472 3698
472 5544
473 10472
473 7512
473 11210
473 14030
473 3659
473 4787
473 8869
473 10690
473 12734
473 13563
473 31
474 15192
474 16758
474 703
474 13284
474 5235
474 10162
474 7699
474 4230
474 8673
474 12804
474 3870
474 5019
474 14696
474 40
474 11291
474 12376
474 12656
474 12766
474 5141
474 10542
474 2148
474 5761
474 7855
474 9771
474 3875
474 33
474 596
474 5634
474 7166
474 8906
474 11553
474 15096
474 17665
474 13026
474 12164
474 10682
474 6676
474 31
474 6605
474 14940
474 15087
475 31
475 3670
475 4968
475 7101
475 14495
475 15361
475 15700
475 10780
476 31
476 13824
476 10701
476 9491
476 2501
476 6511
476 7622
476 4672
476 17336
477 4881
477 7451
477 10228
477 2447
477 6711
477 13838
477 5444
477 10072
477 3583
477 4244
477 5938
477 6059
477 14918
477 6197
477 9736
477 249
477 14995
477 31
477 1456
477 4506
477 15246
477 5930
477 11673
477 14881
477 10432
477 6210
477 15098
477 11333
477 15858
477 7844
477 83
477 14873
477 17069
477 13083
477 5159
477 6853
477 11433
477 16078
477 12851
477 13424
477 3682
477 2104
477 17536
477 8266
477 12680
477 15768
477 16987
477 11164
477 12310
477 14793
477 11287
477 1072
477 17429
477 13915
477 15549
477 6659
477 10016
477 17497
477 16662
477 18031
478 2728
478 5725
478 14638
478 4567
478 13081
478 9251
478 14338
478 10062
478 5142
478 5341
478 7653
478 7447
478 6836
478 31
479 412
479 428
479 1454
479 14956
479 31
479 87
479 706
479 885
479 3583
479 4787
479 11752
480 6503
480 1707
480 4560
480 31
480 8739
481 2084
481 1153
481 2785
481 13469
481 13540
481 8401
481 9756
481 15240
481 17041
481 32
481 11579
481 8624
481 15985
481 10754
481 1658
481 7283
481 4425
481 5573
481 6091
481 271
481 2867
481 5814
481 9010
481 9711
481 14435
481 6403
481 8027
481 10294
482 32
482 2439
482 477
482 1812
482 9396
483 33
483 1963
483 2135
483 14258
483 32
483 1067
484 5947
484 13955
484 14261
484 2376
484 3696
484 5688
484 7503
484 8366
484 9179
484 11224
484 12239
484 666
484 6205
484 11109
484 6112
484 6135
484 8063
484 1371
484 5129
484 7176
484 13691
484 14595
484 2947
484 10118
484 3052
484 3653
484 3807
484 5103
484 5520
484 11751
484 2086
484 10458
484 17278
484 13616
484 1880
484 3566
484 5035
484 5224
484 5399
484 5512
484 7222
484 9721
484 17655
484 17674
484 1478
484 5555
484 8523
484 14993
484 32
484 547
484 10248
485 9895
485 33
485 596
485 4069
485 4787
485 4882
485 7558
485 8140
485 10006
485 10511
485 12164
485 16528
485 1180
485 6599
485 10149
485 13081
485 15492
485 5000
485 6720
485 3870
485 7651
485 15078
485 1948
485 8673
485 11450
485 32
485 1227
485 7065
485 1938
485 1939
485 6509
485 15221
485 15225
485 15642
485 1683
485 17109
485 930
485 1091
485 2149
485 3388
485 5163
485 5518
485 6512
485 8027
485 9979
485 10269
485 12348
485 16757
485 98
485 911
485 6187
485 6672
485 9434
485 9974
485 12048
485 16525
485 111
485 12166
485 12376
485 10539
485 17338
485 1162
485 13677
486 32
486 7951
486 15633
486 2973
486 10058
486 2439
487 11063
487 33
487 7180
487 7449
487 9850
487 12330
487 32
488 32
488 2135
488 3583
488 3701
488 4244
488 13805
489 2999
489 5427
489 7068
489 9775
489 17180
489 32
489 9766
490 4366
490 32
490 1569
490 6802
490 8622
490 13910
490 13862
491 4567
491 7091
491 9767
491 10014
491 12164
491 1948
491 32
491 667
491 14647
491 46
491 11591
491 6179
492 33
492 815
492 15713
492 9812
492 13472
492 11927
492 4550
492 290
492 4587
492 7168
492 8543
492 13782
492 11300
492 10188
492 14488
492 190
492 874
492 10197
493 780
493 7862
493 12742
493 5889
493 964
493 1454
493 1553
493 4615
493 11832
493 14182
493 1097
493 5276
493 14184
493 33
493 3896
494 33
494 7065
494 7842
494 12941
494 3699
494 4865
494 6912
494 8302
494 14791
494 6201
495 16668
495 12522
495 33
495 212
495 4787
496 711
496 7120
496 6689
496 16448
496 5706
496 1232
496 9775
496 11661
496 9354
496 2974
496 6491
496 4460
496 6350
496 2432
496 5212
496 16201
496 6273
496 5901
496 111
496 16527
496 417
496 12655
496 6210
496 17426
496 11212
496 33
496 3451
496 6916
496 15538
496 17362
496 17627
496 16770
497 2018
497 5473
497 5685
497 8637
497 8752
497 10470
497 33
497 1433
497 2780
497 8640
497 2263
497 13446
497 13456
497 15763
497 4512
497 11883
497 17568
498 33
498 9504
498 15572
498 2802
498 7254
498 12122
498 7883
499 8737
499 10165
499 12807
499 33
499 2786
499 7808
500 7945
500 5061
500 13357
500 2731
500 13081
500 180
500 441
500 33
501 1692
501 33
501 10016
501 8027
501 11951
501 2519
502 3652
502 140
502 387
502 454
502 501
502 2124
502 2601
502 4200
502 4427
502 5079
502 5218
502 5379
502 5581
502 6084
502 6183
502 9368
502 11183
502 11363
502 11971
502 1698
502 7192
502 5668
502 11598
502 13294
502 9654
502 2432
502 4646
502 5315
502 8159
502 8886
502 9738
502 4452
502 33
502 737
502 1584
502 2035
502 3592
502 4611
502 4806
502 5107
502 8529
502 9743
502 10922
502 11600
502 11763
502 12188
502 13325
502 14048
502 14721
502 15250
502 16602
502 233
502 1436
502 2617
502 3768
502 5097
502 5252
502 6846
502 7121
502 7340
502 7951
502 8326
502 8967
502 11481
502 11841
502 11877
502 12668
502 13915
502 14258
502 16110
502 248
502 259
502 1067
502 1525
502 1904
502 2329
502 3854
502 4020
502 5248
502 6197
502 6644
502 6672
502 7320
502 7829
502 9800
502 10016
502 10412
502 11189
502 11211
502 11326
502 12162
502 12208
502 12465
502 13104
502 13267
502 13551
502 13805
502 15892
502 17543
502 17683
503 33
503 12909
503 8224
503 10489
503 13528
503 15238
504 9424
504 10234
504 33
504 9274
504 13252
504 13714
504 417
504 756
504 15736
505 2384
505 33
505 2924
505 5932
505 5933
505 7579
505 8391
505 1928
505 2144
505 5000
505 738
505 10618
505 11905
505 12991
505 7737
505 1212
505 6549
505 10944
505 16355
506 12197
506 18323
506 5243
506 5247
506 12726
506 10016
506 4467
506 14873
506 8583
506 18098
506 6672
506 17009
506 8360
506 33
507 2606
507 33
507 6377
507 3253
507 13879
507 8160
508 14712
508 313
508 33
508 12164
508 13578
508 2135
509 2024
509 10795
509 12281
509 12393
509 10250
509 12396
509 12310
509 11395
509 9181
509 11982
509 13897
509 33
509 1452
509 3073
509 7951
509 11522
509 15228
509 15768
509 4081
510 33
510 6111
510 7146
510 16128
510 17677
511 4992
511 10365
511 33
511 7102
511 7103
512 33
512 11982
512 12915
512 13780
512 16045